3135
439
377
856
66
560
536
202
2929
738
460
325
826
297
2696
1143
377
922
728
207
55
27
594
432
2643
54
22
337
247
1716
1983
1743
2248
813
1685
805
2086
1816
2682
1074
247
738
124
98
141
3135
60
53
144
236
2929
222
26
147
993
813
738
805
536
1492
813
1242
24
334
2922
993
560
382
89
187
1598
170
728
2696
325
2086
191
417
226
377
1143
325
905
319
536
1520
861
1716
427
826
3135
39
320
35
196
177
973
936
180
138
861
800
80
451
48
179
1743
92
84
1983
118
43
1059
415
766
1983
504
124
43
58
53
888
129
1478
134
547
26
247
728
1389
1743
2922
60
371
922
723
1143
1716
826
77
800
465
2929
417
1716
922
170
26
561
658
1983
267
207
180
1104
833
431
487
1143
182
267
268
377
412
691
1073
861
813
108
346
78
2248
267
1179
336
856
749
404
395
1598
728
161
236
1478
328
1481
123
111
642
24
2086
705
707
536
75
1179
74
1816
25
1143
135
347
363
275
434
82
415
526
486
170
1685
106
502
274
933
1517
193
180
320
278
856
405
1983
536
2086
1143
332
60
44
35
1059
91
76
14
91
2086
1492
715
728
993
193
2696
1492
658
1492
1946
451
177
379
26
1983
922
199
213
2642
826
49
92
360
160
282
1143
1478
813
267
2248
1143
2032
320
459
267
1716
728
85
179
171
1716
545
73
182
319
161
707
99
2642
49
267
1073
77
705
2086
1104
800
1946
417
108
106
867
267
2
67
58
375
111
97
64
711
160
193
20
405
707
61
1481
26
70
37
319
110
98
334
254
1242
427
826
155
1073
64
264
66
993
258
691
363
147
1143
97
545
131
93
570
570
766
180
43
35
2032
110
191
1
323
206
689
17
211
182
106
2682
2922
132
135
1517
111
7
598
526
87
123
196
1743
52
93
344
1685
134
193
81
470
36
124
345
352
54
49
1946
22
2682
79
502
97
705
319
2642
1104
21
22
41
179
159
142
42
888
15
93
29
103
1598
861
2642
150
112
1481
668
68
129
2642
240
2642
69
10
367
9
17
705
179
748
104
404
715
715
44
82
711
46
47
176
27
240
98
274
165
642
22
1946
37
100
28
38
124
207
189
61
39
427
88
486
1478
12
85
3
275
1685
23
4
1685
479
2682
29
45
668
427
26
867
54
49
130
1104
2
205
570
147
1946
398
19
15
47
5
47
24
431
123
52
281
37
434
18
49
20
332
888
427
274
274
227
67
156
375
11
170
89
691
52
5
1743
20
84
35
376
25
36
7
30
30
30
30
30
30
30
30
30
30
30
30
30
30
30
30
30
30
30
30
30
30
30
30
30
30
30
30
30
30
30
30
30
30
30
30
30
30
30
30
30
30
30
30
30
30
30
30
30
30
30
30
30
30
30
30
30
30
30
30
30
30
30
30
30
30
30
30
30
30
30
30
30
30
30
30
30
30
30
30
30
30

30
30
